26197 10 30690 234443460052 183099270582 0.438516
26197 100 3138 256485198971 161057531663 0.385727
26197 1000 314 257414926989 160127803645 0.383500
26197 5000 62 257478154008 160064576626 0.383349
26197 10000 31 257499013391 160043717243 0.383299
26197 100000 3 257503211422 160039519212 0.383289
52394 10 30690 297556457334 119986273300 0.287363
52394 100 3138 312940486919 104602243715 0.250519
52394 1000 314 314660757484 102881973150 0.246399
52394 5000 62 314796357370 102746373264 0.246074
52394 10000 31 314821124277 102721606357 0.246015
52394 100000 3 314835309869 102707420765 0.245981
