491174 10 16315 468879931823 25723370952 0.052008
491174 100 1636 470066347753 24536955022 0.049609
491174 1000 163 470161517499 24441785276 0.049417
491174 5000 32 470169452465 24433850310 0.049401
491174 10000 16 470170479769 24432823006 0.049399
491174 100000 1 470171068114 24432234661 0.049398
982349 10 16315 491890313878 2712988897 0.005485
982349 100 1636 491903376237 2699926538 0.005459
982349 1000 163 491904636620 2698666155 0.005456
982349 5000 32 491904774178 2698528597 0.005456
982349 10000 16 491904792136 2698510639 0.005456
982349 100000 1 491904798131 2698504644 0.005456
