43002 10 45312 324720663623 111706147405 0.255956
43002 100 4681 384539456275 51887354753 0.118891
43002 1000 469 385771042256 50655768772 0.116069
43002 5000 93 385873902315 50552908713 0.115834
43002 10000 46 385883966419 50542844609 0.115811
43002 100000 4 385898460193 50528350835 0.115777
86004 10 45312 401941115129 34485695899 0.079018
86004 100 4681 420525786205 15901024823 0.036435
86004 1000 469 421938055276 14488755752 0.033199
86004 5000 93 422038001064 14388809964 0.032970
86004 10000 46 422050224537 14376586491 0.032942
86004 100000 4 422059289259 14367521769 0.032921
