55812 10 20232 336592273700 57341742277 0.145562
55812 100 2039 347462543525 46471472452 0.117968
55812 1000 204 348148981005 45785034972 0.116225
55812 5000 40 348208205772 45725810205 0.116075
55812 10000 20 348216155825 45717860152 0.116055
55812 100000 2 348220775884 45713240093 0.116043
111625 10 20232 372348439334 21585576643 0.054795
111625 100 2039 382672904596 11261111381 0.028586
111625 1000 204 382801252704 11132763273 0.028260
111625 5000 40 382812882670 11121133307 0.028231
111625 10000 20 382814397678 11119618299 0.028227
111625 100000 2 382815346926 11118669051 0.028225
