50987 10 11995 123737896981 1274091011 0.010192
50987 100 1234 123800089572 1211898420 0.009694
50987 1000 123 123806799013 1205188979 0.009641
50987 5000 24 123807566365 1204421627 0.009634
50987 10000 12 123807632753 1204355239 0.009634
50987 100000 1 123807699835 1204288157 0.009633
101975 10 11995 124531328816 480659176 0.003845
101975 100 1234 124584220180 427767812 0.003422
101975 1000 123 124590304592 421683400 0.003373
101975 5000 24 124590848348 421139644 0.003369
101975 10000 12 124590898524 421089468 0.003368
101975 100000 1 124590964956 421023036 0.003368
