43002 10 45312 146412356952 290014454076 0.664520
43002 100 4681 170854640539 265572170489 0.608515
43002 1000 469 172898248241 263528562787 0.603832
43002 5000 93 173080965722 263345845306 0.603414
43002 10000 46 173103633843 263323177185 0.603362
43002 100000 4 173121687985 263305123043 0.603320
86004 10 45312 325802051164 110624759864 0.253478
86004 100 4681 325279713503 111147097525 0.254675
86004 1000 469 325279713503 111147097525 0.254675
86004 5000 93 325279713503 111147097525 0.254675
86004 10000 46 325279713503 111147097525 0.254675
86004 100000 4 325276723831 111150087197 0.254682
