50987 10 11995 123023095088 1988892904 0.015910
50987 100 1234 123065380519 1946607473 0.015571
50987 1000 123 123077522087 1934465905 0.015474
50987 5000 24 123078676391 1933311601 0.015465
50987 10000 12 123078818727 1933169265 0.015464
50987 100000 1 123078940199 1933047793 0.015463
101975 10 11995 123866356667 1145631325 0.009164
101975 100 1234 123866377157 1145610835 0.009164
101975 1000 123 123866377157 1145610835 0.009164
101975 5000 24 123866381253 1145606739 0.009164
101975 10000 12 123866381253 1145606739 0.009164
101975 100000 1 123866381253 1145606739 0.009164
