491174 10 16315 425626547790 68976754985 0.139459
491174 100 1636 427481893031 67121409744 0.135708
491174 1000 163 427681731788 66921570987 0.135304
491174 5000 32 427690788255 66912514520 0.135285
491174 10000 16 427697258322 66906044453 0.135272
491174 100000 1 427699091469 66904211306 0.135268
982349 10 16315 477763348149 16839954626 0.034047
982349 100 1636 477771633215 16831669560 0.034031
982349 1000 163 477772750338 16830552437 0.034028
982349 5000 32 477772894153 16830408622 0.034028
982349 10000 16 477772900618 16830402157 0.034028
982349 100000 1 477772910440 16830392335 0.034028
