26197 10 30690 35446059481 382096671153 0.915108
26197 100 3138 87093672102 330449058532 0.791414
26197 1000 314 90075446748 327467283886 0.784273
26197 5000 62 90335097126 327207633508 0.783651
26197 10000 31 90366828690 327175901944 0.783575
26197 100000 3 90393357210 327149373424 0.783511
52394 10 30690 159148115072 258394615562 0.618846
52394 100 3138 307080645597 110462085037 0.264553
52394 1000 314 310171606040 107371124594 0.257150
52394 5000 62 310446040499 107096690135 0.256493
52394 10000 31 310478727676 107064002958 0.256414
52394 100000 3 310509228420 107033502214 0.256341
