55812 10 20232 230030072871 163903943106 0.416070
55812 100 2039 263988594608 129945421369 0.329866
55812 1000 204 265725686574 128208329403 0.325456
55812 5000 40 265829035027 128104980950 0.325194
55812 10000 20 265838997523 128095018454 0.325169
55812 100000 2 265848889875 128085126102 0.325144
111625 10 20232 335420946775 58513069202 0.148535
111625 100 2039 345713048331 48220967646 0.122409
111625 1000 204 346792032353 47141983624 0.119670
111625 5000 40 346896722098 47037293879 0.119404
111625 10000 20 346907341586 47026674391 0.119377
111625 100000 2 346917453586 47016562391 0.119351
