50987 10 58232678082 66779309910 0.534183
50987 100 57814470959 67197517033 0.537529
50987 1000 56856016400 68155971592 0.545195
50987 5000 55513371874 69498616118 0.555936
50987 10000 53953517296 71058470696 0.568413
50987 100000 17977741448 107034246544 0.856192
101975 10 51135396873 73876591119 0.590956
101975 100 51026618436 73985369556 0.591826
101975 1000 48550089921 76461898071 0.611637
101975 5000 44531154493 80480833499 0.643785
101975 10000 45096462956 79915525036 0.639263
101975 100000 9120583684 115891404308 0.927042
