43002 10 114433250138 321993560890 0.737795
43002 100 129085331847 307341479181 0.704222
43002 1000 145703160079 290723650949 0.666145
43002 5000 130983699435 305443111593 0.699872
43002 10000 134474063757 301952747271 0.691875
43002 100000 116400657421 320026153607 0.733287
86004 10 112498071569 323928739459 0.742229
86004 100 109209998337 327216812691 0.749763
86004 1000 93187643171 343239167857 0.786476
86004 5000 56289136289 380137674739 0.871023
86004 10000 68716447306 367710363722 0.842548
86004 100000 60986139042 375440671986 0.860260
