26197 10 206322894685 211219835949 0.505864
26197 100 252260096922 165282633712 0.395846
26197 1000 253883289411 163659441223 0.391959
26197 5000 253883289584 163659441050 0.391959
26197 10000 253883289907 163659440727 0.391959
26197 100000 253883289916 163659440718 0.391959
52394 10 163754557797 253788172837 0.607814
52394 100 163861986067 253680744567 0.607556
52394 1000 163392572947 254150157687 0.608681
52394 5000 161287933948 256254796686 0.613721
52394 10000 158565671958 258977058676 0.620241
52394 100000 112552866559 304989864075 0.730440
