50987 10 123813833941 1198154051 0.009584
50987 100 123857418949 1154569043 0.009236
50987 1000 123867229379 1144758613 0.009157
50987 5000 123868250759 1143737233 0.009149
50987 10000 123868401415 1143586577 0.009148
50987 100000 123868531079 1143456913 0.009147
101975 10 124586473034 425514958 0.003404
101975 100 124637744033 374243959 0.002994
101975 1000 124649217039 362770953 0.002902
101975 5000 124650384399 361603593 0.002893
101975 10000 124650356795 361631197 0.002893
101975 100000 124650475579 361512413 0.002892
