491174 10 461058509074 33544793701 0.067822
491174 100 462141922181 32461380594 0.065631
491174 1000 462261971090 32341331685 0.065388
491174 5000 462273162713 32330140062 0.065366
491174 10000 462274348959 32328953816 0.065363
491174 100000 462275905386 32327397389 0.065360
982349 10 492289782799 2313519976 0.004678
982349 100 492297002603 2306300172 0.004663
982349 1000 492297624005 2305678770 0.004662
982349 5000 492297678344 2305624431 0.004662
982349 10000 492297685388 2305617387 0.004662
982349 100000 492297692132 2305610643 0.004662
