55812 10 226400355773 167533660204 0.425284
55812 100 235117654165 158816361812 0.403155
55812 1000 235770467664 158163548313 0.401498
55812 5000 235776507886 158157508091 0.401482
55812 10000 235776756834 158157259143 0.401482
55812 100000 235776756900 158157259077 0.401482
111625 10 196523359747 197410656230 0.501126
111625 100 193340143893 200593872084 0.509207
111625 1000 178442002155 215492013822 0.547026
111625 5000 179732261283 214201754694 0.543750
111625 10000 170264200701 223669815276 0.567785
111625 100000 11582252390 382351763587 0.970598
