491174 10 102159822872 392443479903 0.793451
491174 100 133690443183 360912859592 0.729702
491174 1000 131253423129 363349879646 0.734629
491174 5000 130566086823 364037215952 0.736019
491174 10000 130566087756 364037215019 0.736019
491174 100000 130574356383 364028946392 0.736002
982349 10 81542750572 413060552203 0.835135
982349 100 77888906977 416714395798 0.842522
982349 1000 76362336162 418240966613 0.845609
982349 5000 74928850912 419674451863 0.848507
982349 10000 72229138747 422374164028 0.853966
982349 100000 55593330207 439009972568 0.887600
