55812 10 326385793760 67548222217 0.171471
55812 100 328807007167 65127008810 0.165325
55812 1000 341469787008 52464228969 0.133180
55812 5000 343893060941 50040955036 0.127029
55812 10000 343904206655 50029809322 0.127000
55812 100000 343936294486 49997721491 0.126919
111625 10 372326217323 21607798654 0.054851
111625 100 382643162126 11290853851 0.028662
111625 1000 382646976819 11287039158 0.028652
111625 5000 382758851937 11175164040 0.028368
111625 10000 382803304789 11130711188 0.028255
111625 100000 382804335897 11129680080 0.028253
