43002 10 265814707212 170612103816 0.390929
43002 100 375427882300 60998928728 0.139769
43002 1000 377387313472 59039497556 0.135279
43002 5000 377584346962 58842464066 0.134828
43002 10000 377644346337 58782464691 0.134690
43002 100000 377661445146 58765365882 0.134651
86004 10 386049605983 50377205045 0.115431
86004 100 414468499201 21958311827 0.050314
86004 1000 415398497539 21028313489 0.048183
86004 5000 415478392983 20948418045 0.048000
86004 10000 415484584847 20942226181 0.047986
86004 100000 415486452420 20940358608 0.047981
