26197 10 206865922593 210676808041 0.504563
26197 100 254250253795 163292476839 0.391080
26197 1000 257383995598 160158735036 0.383574
26197 5000 257657245650 159885484984 0.382920
26197 10000 257691394678 159851335956 0.382838
26197 100000 257722099492 159820631142 0.382765
52394 10 281290131109 136252599525 0.326320
52394 100 311506471705 106036258929 0.253953
52394 1000 314615097742 102927632892 0.246508
52394 5000 314838437637 102704292997 0.245973
52394 10000 314864822285 102677908349 0.245910
52394 100000 314887892716 102654837918 0.245855
